4.529661856078629682e-04
1.053889387262283567e-03
1.654433621668546578e-03
2.253061806837600850e-03
2.848990780373766938e-03
3.441491604231205950e-03
4.029847472309834935e-03
4.613348478870769181e-03
5.191291154946739254e-03
5.762978944574113568e-03
6.327722918584160160e-03
6.884842556168719978e-03
7.433666544021546793e-03
7.973533575503250620e-03
8.503793142611328071e-03
9.023806317230044852e-03
9.532946519568584812e-03
1.003060027231988602e-02
1.051616793936129522e-02
1.098906444796707467e-02
1.144871999358167136e-02
1.189458072626430052e-02
1.232610941795243310e-02
1.274278610972160233e-02
1.314410873825733357e-02
1.352959374077402667e-02
1.389877663765112965e-02
1.425121259208077598e-02
1.458647694605040915e-02
1.490416573201566036e-02
1.520389615964348046e-02
1.548530707704047840e-02
1.574805940590932526e-02
1.599183655010929725e-02
1.621634477712781755e-02
1.642131357200374980e-02
1.660649596327566299e-02
1.677166882056210784e-02
1.691663312341584041e-02
1.704121420112699944e-02
1.714526194318751959e-02
1.722865098016212668e-02
1.729128083474846048e-02
1.733307604284411649e-02
1.735398624447504617e-02
1.735398624447504617e-02
1.733307604284411649e-02
1.729128083474846048e-02
1.722865098016212668e-02
1.714526194318751959e-02
1.704121420112699944e-02
1.691663312341584041e-02
1.677166882056210784e-02
1.660649596327566299e-02
1.642131357200374980e-02
1.621634477712781755e-02
1.599183655010929725e-02
1.574805940590932526e-02
1.548530707704047840e-02
1.520389615964348046e-02
1.490416573201566036e-02
1.458647694605040915e-02
1.425121259208077598e-02
1.389877663765112965e-02
1.352959374077402667e-02
1.314410873825733357e-02
1.274278610972160233e-02
1.232610941795243310e-02
1.189458072626430052e-02
1.144871999358167136e-02
1.098906444796707467e-02
1.051616793936129522e-02
1.003060027231988602e-02
9.532946519568584812e-03
9.023806317230044852e-03
8.503793142611328071e-03
7.973533575503250620e-03
7.433666544021546793e-03
6.884842556168719978e-03
6.327722918584160160e-03
5.762978944574113568e-03
5.191291154946739254e-03
4.613348478870769181e-03
4.029847472309834935e-03
3.441491604231205950e-03
2.848990780373766938e-03
2.253061806837600850e-03
1.654433621668546578e-03
1.053889387262283567e-03
4.529661856078629682e-04
