5.667977899644904838e-04
2.984015283954644104e-03
7.322957975997079760e-03
1.356780744665397886e-02
2.169452237859603727e-02
3.167169052756102499e-02
4.346072167210407455e-02
5.701601023819347080e-02
7.228511528502695738e-02
8.920896457033200555e-02
1.077220835498003959e-01
1.277528488869656975e-01
1.492237656465889017e-01
1.720517671572803220e-01
1.961485364075248872e-01
2.214208477426750088e-01
2.477709275462678939e-01
2.750968325129806158e-01
3.032928440512174251e-01
3.322498772902813258e-01
3.618559031102340229e-01
3.919963815619791347e-01
4.225547050009270666e-01
4.534126492199569425e-01
4.844508308364055549e-01
5.155491691635943896e-01
5.465873507800430575e-01
5.774452949990729334e-01
6.080036184380208653e-01
6.381440968897660326e-01
6.677501227097186742e-01
6.967071559487825194e-01
7.249031674870194397e-01
7.522290724537321616e-01
7.785791522573249912e-01
8.038514635924751683e-01
8.279482328427196780e-01
8.507762343534110983e-01
8.722471511130343025e-01
8.922779164501996041e-01
9.107910354296679944e-01
9.277148847149729871e-01
9.429839897618065292e-01
9.565392783278958699e-01
9.683283094724389750e-01
9.783054776214039627e-01
9.864321925533460211e-01
9.926770420240029758e-01
9.970159847160453559e-01
9.994332022100355095e-01
