1.431366132793598922e-04
7.540246802020811323e-04
1.852432633437428589e-03
3.437531481278288670e-03
5.507802378504123020e-03
8.061229646971479479e-03
1.109532075654084959e-02
1.460711211814680333e-02
1.859317287209222291e-02
2.304960853725412928e-02
2.797206493187198717e-02
3.335573247846024270e-02
3.919535092733300585e-02
4.548521450873516114e-02
5.221917751463650559e-02
5.939066030749079461e-02
6.699265575141766238e-02
7.501773606020434304e-02
8.345806005579958775e-02
9.230538083041189834e-02
1.015510538048427502e-01
1.111860451752522683e-01
1.212009407401464234e-01
1.315859550989896265e-01
1.423309412134717844e-01
1.534254003220990037e-01
1.648584921984295182e-01
1.766190457429353544e-01
1.886955698981461205e-01
2.010762648764106153e-01
2.137490336893094200e-01
2.267014939674529272e-01
2.399209900591184885e-01
2.533946053959045264e-01
2.671091751133209957e-01
2.810512989139842821e-01
2.952073541608492002e-01
3.095635091876850487e-01
3.241057368137891803e-01
3.388198280497354276e-01
3.536914059807639843e-01
3.687059398142482625e-01
3.838487590775130354e-01
3.991050679521319644e-01
4.144599597306983796e-01
4.298984313819430025e-01
4.454053982099694386e-01
4.609657085932816756e-01
4.765641587892041620e-01
4.921855077892284824e-01
5.078144922107715731e-01
5.234358412107957825e-01
5.390342914067183244e-01
5.545946017900305058e-01
5.701015686180569420e-01
5.855400402693016204e-01
6.008949320478680356e-01
6.161512409224869646e-01
6.312940601857517375e-01
6.463085940192360157e-01
6.611801719502645724e-01
6.758942631862108197e-01
6.904364908123149513e-01
7.047926458391507998e-01
7.189487010860157179e-01
7.328908248866790043e-01
7.466053946040954736e-01
7.600790099408815115e-01
7.732985060325470172e-01
7.862509663106905800e-01
7.989237351235893847e-01
8.113044301018539350e-01
8.233809542570647011e-01
8.351415078015704818e-01
8.465745996779010518e-01
8.576690587865282156e-01
8.684140449010103735e-01
8.787990592598535766e-01
8.888139548247477872e-01
8.984489461951572498e-01
9.076946191695880461e-01
9.165419399442004122e-01
9.249822639397956570e-01
9.330073442485823376e-01
9.406093396925092609e-01
9.477808224853634389e-01
9.545147854912647833e-01
9.608046490726669386e-01
9.666442675215397573e-01
9.720279350681280128e-01
9.769503914627458707e-01
9.814068271279077216e-01
9.853928878818531967e-01
9.889046792434591504e-01
9.919387703530284650e-01
9.944921976214958770e-01
9.965624685187217668e-01
9.981475673665625159e-01
9.992459753197979744e-01
9.998568633867206401e-01
