5.074859544817508089e-04
1.180665852141869450e-03
1.853250062879644930e-03
2.523419213462330113e-03
3.190199293949275410e-03
3.852677980191750347e-03
4.509957719996792423e-03
5.161150115261962934e-03
5.805375643351890630e-03
6.441764428249346572e-03
7.069457274200359811e-03
7.687606771194927836e-03
8.295378415577295619e-03
8.891951725699136569e-03
9.476521344091397639e-03
1.004829812178779404e-02
1.060651018204476943e-02
1.115040396141975775e-02
1.167924522649501327e-02
1.219232006471784348e-02
1.268893584793308674e-02
1.316842216725727308e-02
1.363013173800563596e-02
1.407344127343262107e-02
1.449775232609513617e-02
1.490249209569792510e-02
1.528711420232510380e-02
1.565109942401051932e-02
1.599395639765241808e-02
1.631522228232118107e-02
1.661446338406644824e-02
1.689127574137882712e-02
1.714528567051498004e-02
1.737615026995037448e-02
1.758355788327795391e-02
1.776722851992791966e-02
1.792691423314047086e-02
1.806239945468128896e-02
1.817350128584765967e-02
1.826006974437250491e-02
1.832198796689290740e-02
1.835917236670986039e-02
1.837157274662612125e-02
1.835917236670986039e-02
1.832198796689290740e-02
1.826006974437250491e-02
1.817350128584765967e-02
1.806239945468128896e-02
1.792691423314047086e-02
1.776722851992791966e-02
1.758355788327795391e-02
1.737615026995037448e-02
1.714528567051498004e-02
1.689127574137882712e-02
1.661446338406644824e-02
1.631522228232118107e-02
1.599395639765241808e-02
1.565109942401051932e-02
1.528711420232510380e-02
1.490249209569792510e-02
1.449775232609513617e-02
1.407344127343262107e-02
1.363013173800563596e-02
1.316842216725727308e-02
1.268893584793308674e-02
1.219232006471784348e-02
1.167924522649501327e-02
1.115040396141975775e-02
1.060651018204476943e-02
1.004829812178779404e-02
9.476521344091397639e-03
8.891951725699136569e-03
8.295378415577295619e-03
7.687606771194927836e-03
7.069457274200359811e-03
6.441764428249346572e-03
5.805375643351890630e-03
5.161150115261962934e-03
4.509957719996792423e-03
3.852677980191750347e-03
3.190199293949275410e-03
2.523419213462330113e-03
1.853250062879644930e-03
1.180665852141869450e-03
5.074859544817508089e-04
