8.807003569576636604e-03
2.030071490019310851e-02
3.133602416705472127e-02
4.163837078835233574e-02
5.096505990862013058e-02
5.909726598075912274e-02
6.584431922458826303e-02
7.104805465919093732e-02
7.458649323630182904e-02
7.637669356536289089e-02
7.637669356536289089e-02
7.458649323630182904e-02
7.104805465919093732e-02
6.584431922458826303e-02
5.909726598075912274e-02
5.096505990862013058e-02
4.163837078835233574e-02
3.133602416705472127e-02
2.030071490019310851e-02
8.807003569576636604e-03
