6.981774090316639203e-04
3.675000776398096303e-03
9.015642482729679941e-03
1.669584480155272832e-02
2.667915450218549811e-02
3.891803164049978392e-02
5.335416412337912195e-02
6.991876201966790161e-02
8.853288974895678898e-02
1.091078437030468251e-01
1.315455755272548211e-01
1.557391596143997137e-01
1.815733027733883453e-01
2.089248937153234120e-01
2.376635897685419607e-01
2.676524380401824610e-01
2.987485280707290469e-01
3.308036728746989175e-01
3.636651151238112223e-01
3.971762551083681259e-01
4.311773970083734864e-01
4.655065099184279021e-01
5.000000000000000000e-01
5.344934900815720979e-01
5.688226029916265691e-01
6.028237448916318186e-01
6.363348848761887222e-01
6.691963271253010825e-01
7.012514719292709531e-01
7.323475619598175390e-01
7.623364102314580393e-01
7.910751062846765880e-01
8.184266972266116547e-01
8.442608403856002308e-01
8.684544244727452345e-01
8.908921562969531749e-01
9.114671102510432110e-01
9.300812379803320429e-01
9.466458358766208780e-01
9.610819683595002161e-01
9.733208454978145019e-01
9.833041551984472717e-01
9.909843575172703201e-01
9.963249992236018482e-01
9.993018225909683361e-01
