4.692902175907343043e-04
2.471011076294049591e-03
6.065529400555380590e-03
1.124213224800540978e-02
1.798433570343238586e-02
2.627056597939464444e-02
3.607428763960413010e-02
4.736409962799997819e-02
6.010383879005226637e-02
7.425269669142275930e-02
8.976535072033953178e-02
1.065921094361887977e-01
1.246790718259890296e-01
1.439683000066810936e-01
1.643980048400868199e-01
1.859027438750359140e-01
2.084136309869839554e-01
2.318585570458283618e-01
2.561624209062629554e-01
2.812473699814126982e-01
3.070330496295102796e-01
3.334368605549880571e-01
3.603742233995967381e-01
3.877588496760772663e-01
4.155030181765634323e-01
4.435178559703353840e-01
4.717136230908315908e-01
5.000000000000000000e-01
5.282863769091683537e-01
5.564821440296646715e-01
5.844969818234365677e-01
6.122411503239226782e-01
6.396257766004032064e-01
6.665631394450119984e-01
6.929669503704897204e-01
7.187526300185873573e-01
7.438375790937370446e-01
7.681414429541716382e-01
7.915863690130160446e-01
8.140972561249640860e-01
8.356019951599131801e-01
8.560316999933188509e-01
8.753209281740109704e-01
8.934078905638112023e-01
9.102346492796604682e-01
9.257473033085772407e-01
9.398961612099476781e-01
9.526359003719999663e-01
9.639257123603959254e-01
9.737294340206053000e-01
9.820156642965676141e-01
9.887578677519945902e-01
9.939344705994446194e-01
9.975289889237060059e-01
9.995307097824093212e-01
