5.724750015942612052e-04
1.331766794756856533e-03
2.090156562347523714e-03
2.845461225701836645e-03
3.596452384058576156e-03
4.341972634630697318e-03
5.080883020551491512e-03
5.812057060398822042e-03
6.534380796200433064e-03
7.246754020254487540e-03
7.948091791862703023e-03
8.637326028134620359e-03
9.313407104149306476e-03
9.975305439071203290e-03
1.062201305789095378e-02
1.125254512316616572e-02
1.186594143296496040e-02
1.246126788205767846e-02
1.303761788378246002e-02
1.359411375024310344e-02
1.412990802863836777e-02
1.464418479163383940e-02
1.513616087977889130e-02
1.560508709405741996e-02
1.605024933674392001e-02
1.647096969882263021e-02
1.686660749230571923e-02
1.723656022587692280e-02
1.758026452237376400e-02
1.789719697670799289e-02
1.818687495291793424e-02
1.844885731913796165e-02
1.868274511936521623e-02
1.888818218100066573e-02
1.906485565723876896e-02
1.921249650347967020e-02
1.933087988703821244e-02
1.941982552952594560e-02
1.947919798138474101e-02
1.950890682815329541e-02
1.950890682815329541e-02
1.947919798138474101e-02
1.941982552952594560e-02
1.933087988703821244e-02
1.921249650347967020e-02
1.906485565723876896e-02
1.888818218100066573e-02
1.868274511936521623e-02
1.844885731913796165e-02
1.818687495291793424e-02
1.789719697670799289e-02
1.758026452237376400e-02
1.723656022587692280e-02
1.686660749230571923e-02
1.647096969882263021e-02
1.605024933674392001e-02
1.560508709405741996e-02
1.513616087977889130e-02
1.464418479163383940e-02
1.412990802863836777e-02
1.359411375024310344e-02
1.303761788378246002e-02
1.246126788205767846e-02
1.186594143296496040e-02
1.125254512316616572e-02
1.062201305789095378e-02
9.975305439071203290e-03
9.313407104149306476e-03
8.637326028134620359e-03
7.948091791862703023e-03
7.246754020254487540e-03
6.534380796200433064e-03
5.812057060398822042e-03
5.080883020551491512e-03
4.341972634630697318e-03
3.596452384058576156e-03
2.845461225701836645e-03
2.090156562347523714e-03
1.331766794756856533e-03
5.724750015942612052e-04
