8.646291256499163665e-04
2.010762086001067952e-03
3.153971289486341787e-03
4.290074133440250660e-03
5.416339394799045068e-03
6.530155819997334951e-03
7.628956073224252288e-03
8.710210998835076629e-03
9.771432918375080878e-03
1.081018064246699016e-02
1.182406484564354869e-02
1.281075346901890816e-02
1.376797704422510690e-02
1.469353389465537577e-02
1.558529519009451032e-02
1.644120983818437437e-02
1.725930919927456952e-02
1.803771161278262813e-02
1.877462672412888445e-02
1.946835960202566995e-02
2.011731463650285809e-02
2.071999920862018299e-02
2.127502712337799723e-02
2.178112179790034353e-02
2.223711919754155220e-02
2.264197051315017598e-02
2.299474457332592939e-02
2.329462998611682434e-02
2.354093700522734423e-02
2.373309911644283163e-02
2.387067434062038751e-02
2.395334625024800324e-02
2.398092469723337242e-02
2.395334625024800324e-02
2.387067434062038751e-02
2.373309911644283163e-02
2.354093700522734423e-02
2.329462998611682434e-02
2.299474457332592939e-02
2.264197051315017598e-02
2.223711919754155220e-02
2.178112179790034353e-02
2.127502712337799723e-02
2.071999920862018299e-02
2.011731463650285809e-02
1.946835960202566995e-02
1.877462672412888445e-02
1.803771161278262813e-02
1.725930919927456952e-02
1.644120983818437437e-02
1.558529519009451032e-02
1.469353389465537577e-02
1.376797704422510690e-02
1.281075346901890816e-02
1.182406484564354869e-02
1.081018064246699016e-02
9.771432918375080878e-03
8.710210998835076629e-03
7.628956073224252288e-03
6.530155819997334951e-03
5.416339394799045068e-03
4.290074133440250660e-03
3.153971289486341787e-03
2.010762086001067952e-03
8.646291256499163665e-04
