1.977613212607587378e-04
1.041699400941509257e-03
2.558812852191838516e-03
4.747391141792012270e-03
7.604521157209775950e-03
1.112635579387832863e-02
1.530814403816083136e-02
2.014424202140580045e-02
2.562812187271051867e-02
3.175238094178467474e-02
3.850875195195496703e-02
4.588811423045408011e-02
5.388050605432204154e-02
6.247513811545146734e-02
7.166040809502188802e-02
8.142391633145867891e-02
9.175248256260420954e-02
1.026321637204417603e-01
1.140482727548534636e-01
1.259853984612829825e-01
1.384274262856994842e-01
1.513575600788752418e-01
1.647583447706686410e-01
1.786116899337426567e-01
1.928988942049315036e-01
2.076006705313059308e-01
2.226971722068653015e-01
2.381680196647160686e-01
2.539923279885743512e-01
2.701487351064556508e-01
2.866154306284951492e-01
3.033701852899703955e-01
3.203903809597810071e-01
3.376530411738762338e-01
3.551348621524131333e-01
3.728122442587732399e-01
3.906613238579704772e-01
4.086580055314436577e-01
4.267779946047445261e-01
4.449968299442114139e-01
4.632899169783544213e-01
4.816325608993751728e-01
5.000000000000000000e-01
5.183674391006248827e-01
5.367100830216455787e-01
5.550031700557885861e-01
5.732220053952554739e-01
5.913419944685562868e-01
6.093386761420295228e-01
6.271877557412267601e-01
6.448651378475869222e-01
6.623469588261237107e-01
6.796096190402189929e-01
6.966298147100296045e-01
7.133845693715048508e-01
7.298512648935443492e-01
7.460076720114257043e-01
7.618319803352839870e-01
7.773028277931346430e-01
7.923993294686940692e-01
8.071011057950685519e-01
8.213883100662573433e-01
8.352416552293313590e-01
8.486424399211247582e-01
8.615725737143005158e-01
8.740146015387170175e-01
8.859517272451464809e-01
8.973678362795582952e-01
9.082475174373958460e-01
9.185760836685412656e-01
9.283395919049781675e-01
9.375248618845485327e-01
9.461194939456779585e-01
9.541118857695458644e-01
9.614912480480450885e-01
9.682476190582153253e-01
9.743718781272894258e-01
9.798557579785942551e-01
9.846918559618391686e-01
9.888736442061216714e-01
9.923954788427902240e-01
9.952526088582079877e-01
9.974411871478081615e-01
9.989583005990585463e-01
9.998022386787392968e-01
