3.949383862819622060e-04
2.079737440580931018e-03
5.106052388889115168e-03
9.466399123700897089e-03
1.514910561747362383e-02
2.213887208000198115e-02
3.041686194178838676e-02
3.996076191118624887e-02
5.074484459497702327e-02
6.274003867655086886e-02
7.591400760703514994e-02
9.023123691892709353e-02
1.056531300338679480e-01
1.221381123467071284e-01
1.396417433221348037e-01
1.581168363093222728e-01
1.775135857552614382e-01
1.977797014757448069e-01
2.188605496230277003e-01
2.406992999707151526e-01
2.632370791191464554e-01
2.864131292084608482e-01
3.101649717116010119e-01
3.344285758657759011e-01
3.591385312883691450e-01
3.842282243119853336e-01
4.096300175632873186e-01
4.352754323015274873e-01
4.610953330252317017e-01
4.870201138493761017e-01
5.129798861506239538e-01
5.389046669747682428e-01
5.647245676984724572e-01
5.903699824367126814e-01
6.157717756880146664e-01
6.408614687116308550e-01
6.655714241342240989e-01
6.898350282883989326e-01
7.135868707915391518e-01
7.367629208808534891e-01
7.593007000292848474e-01
7.811394503769722997e-01
8.022202985242552487e-01
8.224864142447385618e-01
8.418831636906777272e-01
8.603582566778651408e-01
8.778618876532928716e-01
8.943468699661321075e-01
9.097687630810729065e-01
9.240859923929648501e-01
9.372599613234491311e-01
9.492551554050230322e-01
9.600392380888137511e-01
9.695831380582116132e-01
9.778611279199980189e-01
9.848508943825263762e-01
9.905336008762990474e-01
9.948939476111109403e-01
9.979202625594190135e-01
9.996050616137179823e-01
