1.204161809991557367e-03
2.799316133279623493e-03
4.387873053528821600e-03
5.962580359924504574e-03
7.518229166755712942e-03
9.049807260364641295e-03
1.055240083400802581e-02
1.202119400486273762e-02
1.345148072819821357e-02
1.483867888258046282e-02
1.617834461309288624e-02
1.746618643679483454e-02
1.869807893398270013e-02
1.987007593716862835e-02
2.097842315885943207e-02
2.201957021080322083e-02
2.299018197314189882e-02
2.388714927560035145e-02
2.470759885577586412e-02
2.544890256224695627e-02
2.610868577281601211e-02
2.668483500080271950e-02
2.717550466495553124e-02
2.757912300125432009e-02
2.789439709764202427e-02
2.812031703554215833e-02
2.825615912488599682e-02
2.830148822228014879e-02
2.825615912488599682e-02
2.812031703554215833e-02
2.789439709764202427e-02
2.757912300125432009e-02
2.717550466495553124e-02
2.668483500080271950e-02
2.610868577281601211e-02
2.544890256224695627e-02
2.470759885577586412e-02
2.388714927560035145e-02
2.299018197314189882e-02
2.201957021080322083e-02
2.097842315885943207e-02
1.987007593716862835e-02
1.869807893398270013e-02
1.746618643679483454e-02
1.617834461309288624e-02
1.483867888258046282e-02
1.345148072819821357e-02
1.202119400486273762e-02
1.055240083400802581e-02
9.049807260364641295e-03
7.518229166755712942e-03
5.962580359924504574e-03
4.387873053528821600e-03
2.799316133279623493e-03
1.204161809991557367e-03
