1.146715450199842223e-03
6.032117778074219672e-03
1.478119198038507776e-02
2.732742589608633255e-02
4.357286932034121207e-02
6.339043748738881767e-02
8.662505045388729785e-02
1.130948738565437095e-01
1.425927492216856329e-01
1.748878176670548013e-01
2.097273276251177543e-01
2.468386133792557224e-01
2.859312292410928769e-01
3.266992227845930130e-01
3.688235293953519567e-01
4.119744694170052179e-01
4.558143283621703956e-01
5.000000000000000000e-01
5.441856716378296044e-01
5.880255305829947821e-01
6.311764706046480988e-01
6.733007772154069315e-01
7.140687707589070676e-01
7.531613866207442776e-01
7.902726723748823012e-01
8.251121823329452543e-01
8.574072507783143671e-01
8.869051261434562905e-01
9.133749495461127577e-01
9.366095625126111823e-01
9.564271306796587879e-01
9.726725741039137230e-01
9.852188080196149222e-01
9.939678822219257803e-01
9.988532845498001578e-01
