3.435700407452557670e-03
1.801403636104309536e-02
4.388278587433708244e-02
8.044151408889060884e-02
1.268340467699246021e-01
1.819731596367424875e-01
2.445664990245864368e-01
3.131469556422902256e-01
3.861070744291774659e-01
4.617367394332513308e-01
5.382632605667486692e-01
6.138929255708225341e-01
6.868530443577097744e-01
7.554335009754136188e-01
8.180268403632575680e-01
8.731659532300753979e-01
9.195584859111094467e-01
9.561172141256628620e-01
9.819859636389569602e-01
9.965642995925474423e-01
