2.536122319822808890e-04
1.335785518884080592e-03
3.280731710553652647e-03
6.085516616237740539e-03
9.745337701291711952e-03
1.425387182846810097e-02
1.960331812905385940e-02
2.578441746035631255e-02
3.278647001794643412e-02
4.059735438580303057e-02
4.920354872577686889e-02
5.859015427605224202e-02
6.874092118655827921e-02
7.963827667252099118e-02
9.126335544822933299e-02
1.035960323932182403e-01
1.166149573966790420e-01
1.302975923209837572e-01
1.446202500209794461e-01
1.595581353518651935e-01
1.750853880948688990e-01
1.911751277265369975e-01
2.077994999542110421e-01
2.249297249371772223e-01
2.425361471100416777e-01
2.605882865220984224e-01
2.790548916038258498e-01
2.979039932691731618e-01
3.171029602599820252e-01
3.366185556367368159e-01
3.564169943178513433e-01
3.764640015678826224e-01
3.967248723334201865e-01
4.171645313239310537e-01
4.377475937335498779e-01
4.584384264986944846e-01
4.792012099854602858e-01
5.000000000000000000e-01
5.207987900145397697e-01
5.415615735013055154e-01
5.622524062664501221e-01
5.828354686760689463e-01
6.032751276665797580e-01
6.235359984321173776e-01
6.435830056821486567e-01
6.633814443632631841e-01
6.828970397400180303e-01
7.020960067308268382e-01
7.209451083961742057e-01
7.394117134779015776e-01
7.574638528899583223e-01
7.750702750628227777e-01
7.922005000457890134e-01
8.088248722734630025e-01
8.249146119051311565e-01
8.404418646481348620e-01
8.553797499790205539e-01
8.697024076790162983e-01
8.833850426033209580e-01
8.964039676067817597e-01
9.087366445517706115e-01
9.203617233274790088e-01
9.312590788134417208e-01
9.414098457239477025e-01
9.507964512742230756e-01
9.594026456141969694e-01
9.672135299820535659e-01
9.742155825396436875e-01
9.803966818709461961e-01
9.857461281715318435e-01
9.902546622987082880e-01
9.939144833837623150e-01
9.967192682894463474e-01
9.986642144811159749e-01
9.997463877680177191e-01
