8.811451447203744181e-04
4.636880650271457682e-03
1.137002500811284955e-02
2.104159039310415924e-02
3.359359586066174019e-02
4.895059651556282754e-02
6.702024839387021871e-02
8.769388458334415049e-02
1.108471742867402909e-01
1.363408724050364507e-01
1.640216576929102166e-01
1.937230551660098499e-01
2.252664374524359081e-01
2.584620991569106518e-01
2.931103978141975097e-01
3.290029545871207550e-01
3.659239074963731575e-01
4.036512096493144464e-01
4.419579646623724156e-01
4.806137912469745643e-01
5.193862087530254357e-01
5.580420353376276399e-01
5.963487903506855536e-01
6.340760925036268425e-01
6.709970454128793005e-01
7.068896021858024348e-01
7.415379008430893482e-01
7.747335625475640919e-01
8.062769448339901501e-01
8.359783423070897834e-01
8.636591275949635493e-01
8.891528257132597091e-01
9.123061154166558495e-01
9.329797516061297813e-01
9.510494034844372280e-01
9.664064041393383153e-01
9.789584096068958408e-01
9.886299749918872060e-01
9.953631193497285423e-01
9.991188548552796256e-01
