2.221515104750992897e-03
1.166803927024123722e-02
2.851271438551283843e-02
5.250400106086233754e-02
8.327868561958301497e-02
1.203703684813212105e-01
1.632168157632657990e-01
2.111685348793885253e-01
2.634986342771424850e-01
3.194138470953060693e-01
3.780665581395057928e-01
4.385676536946447879e-01
5.000000000000000000e-01
5.614323463053552121e-01
6.219334418604942627e-01
6.805861529046939307e-01
7.365013657228575150e-01
7.888314651206114192e-01
8.367831842367341455e-01
8.796296315186787895e-01
9.167213143804169295e-01
9.474959989391376070e-01
9.714872856144871616e-01
9.883319607297587073e-01
9.977784848952490071e-01
