2.908570132120757989e-04
1.531874019159940037e-03
3.761972394154988741e-03
6.977220964800689984e-03
1.117129702120378543e-02
1.633588816750675132e-02
2.246074544285359131e-02
2.953371049809233595e-02
3.754074155103276356e-02
4.646594186953856287e-02
5.629159156832591604e-02
6.699818289307069019e-02
7.856445900050990083e-02
9.096745618727941629e-02
1.041825494960536003e-01
1.181835016140502237e-01
1.329425149695286912e-01
1.484302869242357104e-01
1.646160679529612980e-01
1.814677226951109668e-01
1.989517937573222484e-01
2.170335681405958783e-01
2.356771461601444573e-01
2.548455127211817217e-01
2.745006108091760932e-01
2.946034170486847015e-01
3.151140191807690893e-01
3.359916953051783617e-01
3.571949947299810635e-01
3.786818202681296874e-01
4.004095118175711732e-01
4.223349310589649130e-01
4.444145471028506655e-01
4.666045229162243402e-01
4.888608023569298577e-01
5.111391976430701423e-01
5.333954770837756598e-01
5.555854528971493345e-01
5.776650689410350870e-01
5.995904881824287713e-01
6.213181797318703126e-01
6.428050052700189365e-01
6.640083046948216383e-01
6.848859808192309107e-01
7.053965829513153540e-01
7.254993891908239068e-01
7.451544872788182783e-01
7.643228538398555427e-01
7.829664318594040662e-01
8.010482062426778072e-01
8.185322773048890888e-01
8.353839320470386465e-01
8.515697130757642341e-01
8.670574850304713088e-01
8.818164983859497763e-01
8.958174505039464552e-01
9.090325438127205837e-01
9.214355409994900992e-01
9.330018171069293098e-01
9.437084084316740284e-01
9.535340581304614371e-01
9.624592584489672920e-01
9.704662895019076085e-01
9.775392545571464087e-01
9.836641118324932487e-01
9.888287029787962146e-01
9.930227790351993100e-01
9.962380276058450113e-01
9.984681259808401155e-01
9.997091429867879242e-01
