7.463606444216531414e-04
1.735947446539677034e-03
2.723555937108000907e-03
3.705884681595225574e-03
4.680881384849155599e-03
5.646592324965748512e-03
6.601095407338537432e-03
7.542493932721738327e-03
8.468918188151316334e-03
9.378528546566637994e-03
1.026951891216328766e-02
1.114012022612837285e-02
1.198860394455030648e-02
1.281328545423432441e-02
1.361252740933213690e-02
1.438474297790416634e-02
1.512839899007718814e-02
1.584201898065426203e-02
1.652418611968622941e-02
1.717354602495333935e-02
1.778880945064620356e-02
1.836875484683641799e-02
1.891223078461148552e-02
1.941815824203668370e-02
1.988553274638828888e-02
2.031342636839482060e-02
2.070098956452263994e-02
2.104745286364220758e-02
2.135212839472490007e-02
2.161441125253436846e-02
2.183378069860073684e-02
2.200980119509174729e-02
2.214212326952773313e-02
2.223048420862320379e-02
2.227470857987735864e-02
2.227470857987735864e-02
2.223048420862320379e-02
2.214212326952773313e-02
2.200980119509174729e-02
2.183378069860073684e-02
2.161441125253436846e-02
2.135212839472490007e-02
2.104745286364220758e-02
2.070098956452263994e-02
2.031342636839482060e-02
1.988553274638828888e-02
1.941815824203668370e-02
1.891223078461148552e-02
1.836875484683641799e-02
1.778880945064620356e-02
1.717354602495333935e-02
1.652418611968622941e-02
1.584201898065426203e-02
1.512839899007718814e-02
1.438474297790416634e-02
1.361252740933213690e-02
1.281328545423432441e-02
1.198860394455030648e-02
1.114012022612837285e-02
1.026951891216328766e-02
9.378528546566637994e-03
8.468918188151316334e-03
7.542493932721738327e-03
6.601095407338537432e-03
5.646592324965748512e-03
4.680881384849155599e-03
3.705884681595225574e-03
2.723555937108000907e-03
1.735947446539677034e-03
7.463606444216531414e-04
