3.369514622935665393e-04
1.774525969075402276e-03
4.357361911599189064e-03
8.080093906482510580e-03
1.293423008322441836e-02
1.890862264097237233e-02
2.598953591579622469e-02
3.416068588562531927e-02
4.340327972857688232e-02
5.369605974763053124e-02
6.501535253679646686e-02
7.733512355003485661e-02
9.062703703867425187e-02
1.048605212539390763e-01
1.200028387790000872e-01
1.360191618352876719e-01
1.528726523930041825e-01
1.705245469031874128e-01
1.889342454572998653e-01
2.080594051697563507e-01
2.278560375688864492e-01
2.482786097724965502e-01
2.692801492154274778e-01
2.908123516882955006e-01
3.128256924389669624e-01
3.352695400812568116e-01
3.580922730488756422e-01
3.812413983267916029e-01
4.046636721869286135e-01
4.283052226505124072e-01
4.521116733954012590e-01
4.760282688234140913e-01
5.000000000000000000e-01
5.239717311765859087e-01
5.478883266045987410e-01
5.716947773494875928e-01
5.953363278130714420e-01
6.187586016732083971e-01
6.419077269511244133e-01
6.647304599187431329e-01
6.871743075610330376e-01
7.091876483117045549e-01
7.307198507845724667e-01
7.517213902275035053e-01
7.721439624311134953e-01
7.919405948302435938e-01
8.110657545427001347e-01
8.294754530968125872e-01
8.471273476069958175e-01
8.639808381647122726e-01
8.799971612209999128e-01
8.951394787460609237e-01
9.093729629613257481e-01
9.226648764499651989e-01
9.349846474632035331e-01
9.463039402523694132e-01
9.565967202714231732e-01
9.658393141143746252e-01
9.740104640842037753e-01
9.810913773590276277e-01
9.870657699167755261e-01
9.919199060935175449e-01
9.956426380884008109e-01
9.982254740309246532e-01
9.996630485377064890e-01
