1.553257962675247406e-03
8.165938360126356876e-03
1.998906751584622610e-02
3.689997628536284546e-02
5.871973210397368748e-02
8.521711880861582156e-02
1.161112839475869074e-01
1.510747526033420773e-01
1.897369085053785542e-01
2.316879259289900683e-01
2.764831152309554230e-01
3.236476372345609143e-01
3.726815369160551006e-01
4.230650431957082569e-01
4.742640787223411647e-01
5.257359212776588908e-01
5.769349568042917431e-01
6.273184630839448994e-01
6.763523627654390857e-01
7.235168847690445215e-01
7.683120740710098762e-01
8.102630914946213903e-01
8.489252473966579782e-01
8.838887160524131481e-01
9.147828811913841784e-01
9.412802678960263680e-01
9.631000237146372100e-01
9.800109324841537184e-01
9.918340616398736431e-01
9.984467420373247526e-01
