1.013405984434655313e-03
2.356364963477269869e-03
3.694965581672192759e-03
5.023778591143764592e-03
6.339083238407968411e-03
7.637309298392591130e-03
8.914950507104049335e-03
1.016856036472891210e-02
1.139475847199894303e-02
1.259023881076075727e-02
1.375177837496238155e-02
1.487624575039455006e-02
1.596060950964811945e-02
1.700194636247334343e-02
1.799744902554232737e-02
1.894443378462178779e-02
1.984034772619046663e-02
2.068277561779244961e-02
2.146944641796781975e-02
2.219823939789366055e-02
2.286718985805736085e-02
2.347449442445621523e-02
2.401851590998571248e-02
2.449778772787852138e-02
2.491101784527517682e-02
2.525709226625479087e-02
2.553507803492789663e-02
2.574422575049058193e-02
2.588397158745520815e-02
2.595393881561043267e-02
2.595393881561043267e-02
2.588397158745520815e-02
2.574422575049058193e-02
2.553507803492789663e-02
2.525709226625479087e-02
2.491101784527517682e-02
2.449778772787852138e-02
2.401851590998571248e-02
2.347449442445621523e-02
2.286718985805736085e-02
2.219823939789366055e-02
2.146944641796781975e-02
2.068277561779244961e-02
1.984034772619046663e-02
1.894443378462178779e-02
1.799744902554232737e-02
1.700194636247334343e-02
1.596060950964811945e-02
1.487624575039455006e-02
1.375177837496238155e-02
1.259023881076075727e-02
1.139475847199894303e-02
1.016856036472891210e-02
8.914950507104049335e-03
7.637309298392591130e-03
6.339083238407968411e-03
5.023778591143764592e-03
3.694965581672192759e-03
2.356364963477269869e-03
1.013405984434655313e-03
