2.260638549265009054e-03
5.249142265575804447e-03
8.210529190953672410e-03
1.112292459708332654e-02
1.396850349001176397e-02
1.673009764127383892e-02
1.939108398723618856e-02
2.193545409283666203e-02
2.434790381753620253e-02
2.661392349196855731e-02
2.871988454969594609e-02
3.065312124646465963e-02
3.240200672830074319e-02
3.395602290761719905e-02
3.530582369564358447e-02
3.644329119790223892e-02
3.736158452898433874e-02
3.805518095031337061e-02
3.851990908212419434e-02
3.875297398921266623e-02
3.875297398921266623e-02
3.851990908212419434e-02
3.805518095031337061e-02
3.736158452898433874e-02
3.644329119790223892e-02
3.530582369564358447e-02
3.395602290761719905e-02
3.240200672830074319e-02
3.065312124646465963e-02
2.871988454969594609e-02
2.661392349196855731e-02
2.434790381753620253e-02
2.193545409283666203e-02
1.939108398723618856e-02
1.673009764127383892e-02
1.396850349001176397e-02
1.112292459708332654e-02
8.210529190953672410e-03
5.249142265575804447e-03
2.260638549265009054e-03
