1.454311276578934249e-03
3.379899597872752619e-03
5.295274191825834718e-03
7.190411380742854630e-03
9.057780356744784406e-03
1.089012158506229115e-02
1.268033678500629473e-02
1.442149679026746151e-02
1.610686411178894814e-02
1.772991780757301322e-02
1.928437830629392211e-02
2.076423154507369903e-02
2.216375216940155018e-02
2.347752565197413349e-02
2.470046922473306816e-02
2.582785153479046081e-02
2.685531094449795930e-02
2.777887240310613834e-02
2.859496282386407573e-02
2.930042490661110763e-02
2.989252935213261228e-02
3.036898542088495648e-02
3.072794979515820410e-02
3.096803371034148947e-02
3.108830832767350144e-02
3.108830832767350144e-02
3.096803371034148947e-02
3.072794979515820410e-02
3.036898542088495648e-02
2.989252935213261228e-02
2.930042490661110763e-02
2.859496282386407573e-02
2.777887240310613834e-02
2.685531094449795930e-02
2.582785153479046081e-02
2.470046922473306816e-02
2.347752565197413349e-02
2.216375216940155018e-02
2.076423154507369903e-02
1.928437830629392211e-02
1.772991780757301322e-02
1.610686411178894814e-02
1.442149679026746151e-02
1.268033678500629473e-02
1.089012158506229115e-02
9.057780356744784406e-03
7.190411380742854630e-03
5.295274191825834718e-03
3.379899597872752619e-03
1.454311276578934249e-03
