1.765143566807569897e-04
9.298100307159051781e-04
2.284093970827683062e-03
4.238035594468614331e-03
6.789317471083577971e-03
9.934874327425791130e-03
1.367091895490341047e-02
1.799295091424724102e-02
2.289576305924984068e-02
2.837344817732112556e-02
3.441940624978401253e-02
4.102635246670682800e-02
4.818632603434863659e-02
5.589069978262700689e-02
6.413019056854829536e-02
7.289487046646403456e-02
8.217417873331145373e-02
9.195693453525949357e-02
1.022313504208759438e-01
1.129850465248328772e-01
1.242050654851807878e-01
1.358778880563047964e-01
1.479894493988044291e-01
1.605251560267014210e-01
1.734699033915789168e-01
1.868080940824774494e-01
2.005236566196288983e-01
2.146000648193895355e-01
2.290203577070433205e-01
2.437671599534860234e-01
2.588227028111671491e-01
2.741688455240652855e-01
2.897870971859011213e-01
3.056586390202509218e-01
3.217643470557161045e-01
3.380848151688270464e-01
3.546003784669166659e-01
3.712911369827899266e-01
3.881369796526386029e-01
4.051176085483104705e-01
4.222125633347354468e-01
4.394012459230379752e-01
4.566629452896325825e-01
4.739768624313965284e-01
4.913221354268501595e-01
5.086778645731497850e-01
5.260231375686035271e-01
5.433370547103674175e-01
5.605987540769620248e-01
5.777874366652645532e-01
5.948823914516895295e-01
6.118630203473613971e-01
6.287088630172100734e-01
6.453996215330832786e-01
6.619151848311729536e-01
6.782356529442838955e-01
6.943413609797490782e-01
7.102129028140988787e-01
7.258311544759347145e-01
7.411772971888328509e-01
7.562328400465139211e-01
7.709796422929566795e-01
7.853999351806104645e-01
7.994763433803711017e-01
8.131919059175225506e-01
8.265300966084210277e-01
8.394748439732986345e-01
8.520105506011955709e-01
8.641221119436952591e-01
8.757949345148192677e-01
8.870149534751671228e-01
8.977686495791240562e-01
9.080430654647404509e-01
9.178258212666885463e-01
9.271051295335359654e-01
9.358698094314517046e-01
9.441093002173730486e-01
9.518136739656513079e-01
9.589736475332931720e-01
9.655805937502159875e-01
9.716265518226788744e-01
9.771042369407501038e-01
9.820070490857527590e-01
9.863290810450966450e-01
9.900651256725742089e-01
9.932106825289164220e-01
9.957619644055313302e-01
9.977159060291722614e-01
9.990701899692840948e-01
9.998234856433192430e-01
