6.507958586878247490e-04
1.513835507302512765e-03
2.375534592507964459e-03
3.233232453518873444e-03
4.085355353664202674e-03
4.930412458057083919e-03
5.766936664152414772e-03
6.593478381412430991e-03
7.408606144907291767e-03
8.210908559512493030e-03
8.998996562822660431e-03
9.771505760064025381e-03
1.052709875614138771e-02
1.126446745693296739e-02
1.198233532685845197e-02
1.267945959510816817e-02
1.335463340506045163e-02
1.400668790239032770e-02
1.463449425786298753e-02
1.523696562110722283e-02
1.581305900187477895e-02
1.636177707546703289e-02
1.688216990916699412e-02
1.737333660666514484e-02
1.783442686762019141e-02
1.826464245964513552e-02
1.866323860016600583e-02
1.902952524575675375e-02
1.936286828671624632e-02
1.966269064481752579e-02
1.992847327232812743e-02
2.015975605057073947e-02
2.035613858646862992e-02
2.051728090569601357e-02
2.064290404123354794e-02
2.073279051630950651e-02
2.078678472089058940e-02
2.080479318107065698e-02
2.078678472089058940e-02
2.073279051630950651e-02
2.064290404123354794e-02
2.051728090569601357e-02
2.035613858646862992e-02
2.015975605057073947e-02
1.992847327232812743e-02
1.966269064481752579e-02
1.936286828671624632e-02
1.902952524575675375e-02
1.866323860016600583e-02
1.826464245964513552e-02
1.783442686762019141e-02
1.737333660666514484e-02
1.688216990916699412e-02
1.636177707546703289e-02
1.581305900187477895e-02
1.523696562110722283e-02
1.463449425786298753e-02
1.400668790239032770e-02
1.335463340506045163e-02
1.267945959510816817e-02
1.198233532685845197e-02
1.126446745693296739e-02
1.052709875614138771e-02
9.771505760064025381e-03
8.998996562822660431e-03
8.210908559512493030e-03
7.408606144907291767e-03
6.593478381412430991e-03
5.766936664152414772e-03
4.930412458057083919e-03
4.085355353664202674e-03
3.233232453518873444e-03
2.375534592507964459e-03
1.513835507302512765e-03
6.507958586878247490e-04
