3.673172452504404328e-04
8.546963267589035218e-04
1.341962685777009544e-03
1.827980600663607928e-03
2.312225031710908856e-03
2.794214001932558439e-03
3.273474225422574879e-03
3.749536627732408083e-03
4.221935734834360472e-03
4.690209826847271078e-03
5.153901287434580272e-03
5.612557011593109942e-03
6.065728831489625682e-03
6.512973946485857597e-03
6.953855351859425382e-03
7.387942263720736862e-03
7.814810538773048904e-03
8.234043088072580396e-03
8.645230284161815881e-03
9.047970361064203507e-03
9.441869806687442843e-03
9.826543747217725278e-03
1.020161632310479655e-02
1.056672105626379685e-02
1.092150120812377008e-02
1.126561012816812944e-02
1.159871159262721059e-02
1.192048013298413131e-02
1.223060135397857628e-02
1.252877224078985906e-02
1.281470145510414139e-02
1.308810961977291062e-02
1.334872959178556515e-02
1.359630672328846976e-02
1.383059911039625361e-02
1.405137782955067846e-02
1.425842716119761835e-02
1.445154480056263895e-02
1.463054205531922301e-02
1.479524402995634723e-02
1.494548979666647515e-02
1.508113255258464527e-02
1.520203976322746613e-02
1.530809329199026188e-02
1.539918951557634440e-02
1.547523942524555232e-02
1.553616871378333056e-02
1.558191784810501745e-02
1.561244212742473984e-02
1.562771172693174643e-02
1.562771172693174643e-02
1.561244212742473984e-02
1.558191784810501745e-02
1.553616871378333056e-02
1.547523942524555232e-02
1.539918951557634440e-02
1.530809329199026188e-02
1.520203976322746613e-02
1.508113255258464527e-02
1.494548979666647515e-02
1.479524402995634723e-02
1.463054205531922301e-02
1.445154480056263895e-02
1.425842716119761835e-02
1.405137782955067846e-02
1.383059911039625361e-02
1.359630672328846976e-02
1.334872959178556515e-02
1.308810961977291062e-02
1.281470145510414139e-02
1.252877224078985906e-02
1.223060135397857628e-02
1.192048013298413131e-02
1.159871159262721059e-02
1.126561012816812944e-02
1.092150120812377008e-02
1.056672105626379685e-02
1.020161632310479655e-02
9.826543747217725278e-03
9.441869806687442843e-03
9.047970361064203507e-03
8.645230284161815881e-03
8.234043088072580396e-03
7.814810538773048904e-03
7.387942263720736862e-03
6.953855351859425382e-03
6.512973946485857597e-03
6.065728831489625682e-03
5.612557011593109942e-03
5.153901287434580272e-03
4.690209826847271078e-03
4.221935734834360472e-03
3.749536627732408083e-03
3.273474225422574879e-03
2.794214001932558439e-03
2.312225031710908856e-03
1.827980600663607928e-03
1.341962685777009544e-03
8.546963267589035218e-04
3.673172452504404328e-04
