1.791331577640536271e-03
4.161594648108865417e-03
6.515552495791390557e-03
8.838767628968931603e-03
1.111992377528972682e-02
1.334810698378884573e-02
1.551268746725765861e-02
1.760334610080465170e-02
1.961011836465121130e-02
2.152344035458231969e-02
2.333419385918668321e-02
2.503374961897606582e-02
2.661400836563463865e-02
2.806743937989332818e-02
2.938711635942092490e-02
3.056675041553334055e-02
3.160072003691009879e-02
3.248409787536181426e-02
3.321267422492132221e-02
3.378297708180388881e-02
3.419228868933493759e-02
3.443865848883077146e-02
3.452091241461611310e-02
3.443865848883077146e-02
3.419228868933493759e-02
3.378297708180388881e-02
3.321267422492132221e-02
3.248409787536181426e-02
3.160072003691009879e-02
3.056675041553334055e-02
2.938711635942092490e-02
2.806743937989332818e-02
2.661400836563463865e-02
2.503374961897606582e-02
2.333419385918668321e-02
2.152344035458231969e-02
1.961011836465121130e-02
1.760334610080465170e-02
1.551268746725765861e-02
1.334810698378884573e-02
1.111992377528972682e-02
8.838767628968931603e-03
6.515552495791390557e-03
4.161594648108865417e-03
1.791331577640536271e-03
