4.067821247277200779e-04
9.464841889611466837e-04
1.485962120409304666e-03
2.023901658185970828e-03
2.559665164964202919e-03
3.092663130516187103e-03
3.622316221966387969e-03
4.148050437265192285e-03
4.669296541938223327e-03
5.185490351558250458e-03
5.696073229543035903e-03
6.200492648057931259e-03
6.698202767184001545e-03
7.188665016829492126e-03
7.671348675144258784e-03
8.145731440495585993e-03
8.611299995358466866e-03
9.067550561022668168e-03
9.513989442272760555e-03
9.950133561328667470e-03
1.037551098039238284e-02
1.078966141220577719e-02
1.119213671803469951e-02
1.158250139253575763e-02
1.196033303496533973e-02
1.232522280622126883e-02
1.267677587121594611e-02
1.301461182610103885e-02
1.333836510988066666e-02
1.364768539996509718e-02
1.394223799123840701e-02
1.422170415822742243e-02
1.448578149998047335e-02
1.473418426728344971e-02
1.496664367185704912e-02
1.518290817720250457e-02
1.538274377077943587e-02
1.556593421722198695e-02
1.573228129231918695e-02
1.588160499750613380e-02
1.601374375463383501e-02
1.612855458080719728e-02
1.622591324310163063e-02
1.630571439299105876e-02
1.636787168034196938e-02
1.641231784684956535e-02
1.643900479881598917e-02
1.644790365919034450e-02
1.643900479881598917e-02
1.641231784684956535e-02
1.636787168034196938e-02
1.630571439299105876e-02
1.622591324310163063e-02
1.612855458080719728e-02
1.601374375463383501e-02
1.588160499750613380e-02
1.573228129231918695e-02
1.556593421722198695e-02
1.538274377077943587e-02
1.518290817720250457e-02
1.496664367185704912e-02
1.473418426728344971e-02
1.448578149998047335e-02
1.422170415822742243e-02
1.394223799123840701e-02
1.364768539996509718e-02
1.333836510988066666e-02
1.301461182610103885e-02
1.267677587121594611e-02
1.232522280622126883e-02
1.196033303496533973e-02
1.158250139253575763e-02
1.119213671803469951e-02
1.078966141220577719e-02
1.037551098039238284e-02
9.950133561328667470e-03
9.513989442272760555e-03
9.067550561022668168e-03
8.611299995358466866e-03
8.145731440495585993e-03
7.671348675144258784e-03
7.188665016829492126e-03
6.698202767184001545e-03
6.200492648057931259e-03
5.696073229543035903e-03
5.185490351558250458e-03
4.669296541938223327e-03
4.148050437265192285e-03
3.622316221966387969e-03
3.092663130516187103e-03
2.559665164964202919e-03
2.023901658185970828e-03
1.485962120409304666e-03
9.464841889611466837e-04
4.067821247277200779e-04
