1.585161464039974710e-04
8.350237416268058155e-04
2.051344405788302350e-03
3.806432498249301410e-03
6.098422046959373066e-03
8.924840889187157789e-03
1.228263329427953243e-02
1.616816698890172210e-02
2.057723807604527888e-02
2.550507591285228193e-02
3.094634840076099236e-02
3.689516781114010602e-02
4.334509718296630787e-02
5.028915730180338883e-02
5.771983425927973421e-02
6.562908758793506436e-02
7.400835896410784542e-02
8.284858147019935615e-02
9.214018940669516100e-02
1.018731286435534122e-01
1.120368674998880043e-01
1.226204081402538226e-01
1.336122984752489140e-01
1.450006445535884647e-01
1.567731234322589096e-01
1.689169965108409666e-01
1.814191233155799665e-01
1.942659757182946256e-01
2.074436525747429538e-01
2.209378947666078008e-01
2.347341006308283351e-01
2.488173417595829773e-01
2.631723791538280732e-01
2.777836797129148438e-01
2.926354330424407735e-01
3.077115685621504837e-01
3.229957728953733453e-01
3.384715075211815472e-01
3.541220266701689545e-01
3.699303954444855824e-01
3.858795081425209217e-01
4.019521067684086457e-01
4.181307997063220538e-01
4.343980805393564126e-01
4.507363469926325417e-01
4.671279199801250948e-01
4.835550627346055230e-01
5.000000000000000000e-01
5.164449372653944215e-01
5.328720800198748497e-01
5.492636530073674583e-01
5.656019194606435319e-01
5.818692002936779462e-01
5.980478932315913543e-01
6.141204918574790783e-01
6.300696045555144176e-01
6.458779733298309900e-01
6.615284924788185084e-01
6.770042271046265991e-01
6.922884314378494608e-01
7.073645669575592265e-01
7.222163202870851562e-01
7.368276208461719268e-01
7.511826582404170782e-01
7.652658993691716649e-01
7.790621052333921437e-01
7.925563474252570462e-01
8.057340242817053744e-01
8.185808766844200335e-01
8.310830034891589779e-01
8.432268765677410904e-01
8.549993554464114798e-01
8.663877015247510860e-01
8.773795918597462329e-01
8.879631325001120512e-01
8.981268713564465322e-01
9.078598105933048945e-01
9.171514185298006439e-01
9.259916410358921546e-01
9.343709124120649356e-01
9.422801657407202658e-01
9.497108426981966112e-01
9.566549028170336921e-01
9.631048321888598940e-01
9.690536515992389521e-01
9.744949240871476626e-01
9.794227619239547211e-01
9.838318330110982224e-01
9.877173667057204121e-01
9.910751591108128977e-01
9.939015779530406824e-01
9.961935675017506986e-01
9.979486555942116421e-01
9.991649762583731942e-01
9.998414838535960580e-01
