2.230886741846904719e-04
1.175067800881168800e-03
2.886229517155891600e-03
5.354348750122250866e-03
8.575713630685433131e-03
1.254542970713612426e-02
1.725745547810036973e-02
2.270461682818253335e-02
2.887861934506363859e-02
3.577006141377708781e-02
4.336844871412115499e-02
5.166221028061468434e-02
6.063871616089305805e-02
7.028429666844449031e-02
8.058426320987233105e-02
9.152293065926825344e-02
1.030836412476972552e-01
1.152487899324793341e-01
1.279998512082013429e-01
1.413174073189500390e-01
1.551811778289862165e-01
1.695700505069400732e-01
1.844621134765639936e-01
1.998346885851241539e-01
2.156643659386451306e-01
2.319270395514340111e-01
2.485979440556075337e-01
2.656516924147277470e-01
2.830623145841219546e-01
3.008032970590153732e-01
3.188476232502563401e-01
3.371678146261490316e-01
3.557359725577440845e-01
3.745238208038639272e-01
3.935027485711669604e-01
4.126438540836765978e-01
4.319179885954280707e-01
4.512958007792077231e-01
4.707477814237896463e-01
4.902443083716029881e-01
5.097556916283969564e-01
5.292522185762102982e-01
5.487041992207922769e-01
5.680820114045719293e-01
5.873561459163234577e-01
6.064972514288330396e-01
6.254761791961360728e-01
6.442640274422559710e-01
6.628321853738510239e-01
6.811523767497436044e-01
6.991967029409846823e-01
7.169376854158779899e-01
7.343483075852722530e-01
7.514020559443924663e-01
7.680729604485659889e-01
7.843356340613548694e-01
8.001653114148759016e-01
8.155378865234359509e-01
8.304299494930599268e-01
8.448188221710137835e-01
8.586825926810499610e-01
8.720001487917986571e-01
8.847512100675206659e-01
8.969163587523028003e-01
9.084770693407318021e-01
9.194157367901276690e-01
9.297157033315555097e-01
9.393612838391069975e-01
9.483377897193853157e-01
9.566315512858788450e-01
9.642299385862229677e-01
9.711213806549363614e-01
9.772953831718174111e-01
9.827425445218995748e-01
9.874545702928638757e-01
9.914242863693145669e-01
9.946456512498778046e-01
9.971137704828441084e-01
9.988249321991188312e-01
9.997769113258152540e-01
