2.941716710220775022e-03
6.825414174180663082e-03
1.066148995574183606e-02
1.441463005444706610e-02
1.805505793173183340e-02
2.155421116308501098e-02
2.488468520067683987e-02
2.802040810618500188e-02
3.093683598304019025e-02
3.361114263454353240e-02
3.602239738628011667e-02
3.815172857772116538e-02
3.998247112116221080e-02
4.150029686442836818e-02
4.269332669604960356e-02
4.355222349859187020e-02
4.407026521513781464e-02
4.424339745355223424e-02
4.407026521513781464e-02
4.355222349859187020e-02
4.269332669604960356e-02
4.150029686442836818e-02
3.998247112116221080e-02
3.815172857772116538e-02
3.602239738628011667e-02
3.361114263454353240e-02
3.093683598304019025e-02
2.802040810618500188e-02
2.488468520067683987e-02
2.155421116308501098e-02
1.805505793173183340e-02
1.441463005444706610e-02
1.066148995574183606e-02
6.825414174180663082e-03
2.941716710220775022e-03
