5.696899250513796399e-03
1.317749330751595387e-02
2.046957835065325165e-02
2.745234798791771832e-02
3.401916690617850375e-02
4.007035016750049028e-02
4.551413099148168828e-02
5.026797453352524481e-02
5.425981223713172152e-02
5.742912957285573050e-02
5.972788176789225328e-02
6.112122149515493430e-02
6.158802686335761861e-02
6.112122149515493430e-02
5.972788176789225328e-02
5.742912957285573050e-02
5.425981223713172152e-02
5.026797453352524481e-02
4.551413099148168828e-02
4.007035016750049028e-02
3.401916690617850375e-02
2.745234798791771832e-02
2.046957835065325165e-02
1.317749330751595387e-02
5.696899250513796399e-03
